

1(1 = OH, 2 = QP, 3 = DH): 

loadFactor 0.2 iteration: 
0.030609
0.031084
0.02939
0.030146
0.029488
0.0301434
loadFactor 0.3 iteration: 
0.044838
0.043848
0.044206
0.042517
0.044159
0.0439136
loadFactor 0.4 iteration: 
0.060674
0.060084
0.058637
0.05904
0.058551
0.0593972
loadFactor 0.5 iteration: 
0.080054
0.082265
0.079677
0.089638
0.087238
0.0837744
loadFactor 0.6 iteration: 
0.094846
0.091157
0.090988
0.090961
0.093916
0.0923736
loadFactor 0.7 iteration: 
0.117118
0.133862
0.108407
0.107552
0.108974
0.115183
loadFactor 0.8 iteration: 
0.132786
0.159398
0.127553
0.12856
0.136262
0.136912
loadFactor 0.9 iteration: 
0.154751
0.182309
0.158006
0.155272
0.148606
0.159789


2(1 = OH, 2 = QP, 3 = DH): 

loadFactor 0.2 iteration: 
0.041777
0.043189
0.036734
0.036013
0.048122
0.041167
loadFactor 0.3 iteration: 
0.068876
0.066453
0.067725
0.053552
0.078012
0.0669236
loadFactor 0.4 iteration: 
0.116374
0.111133
0.10459
0.085622
0.113361
0.106216
loadFactor 0.5 iteration: 
0.154311
0.161087
0.159804
0.137789
0.184887
0.159576
loadFactor 0.6 iteration: 
0.222527
0.220926
0.210261
0.210234
0.247859
0.222361
loadFactor 0.7 iteration: 
0.359357
0.36315
0.302876
0.306947
0.362463
0.338959
loadFactor 0.8 iteration: 
0.540969
0.553484
0.500829
0.434915
0.589348
0.523909
loadFactor 0.9 iteration: 
0.960651
1.01318
1.08377
1.07632
1.04229
1.03524


3(1 = OH, 2 = QP, 3 = DH): 

loadFactor 0.2 iteration: 
0.042817
0.042441
0.038036
0.036322
0.048436
0.0416104
loadFactor 0.3 iteration: 
0.070931
0.065648
0.066975
0.053313
0.082475
0.0678684
loadFactor 0.4 iteration: 
0.117343
0.112696
0.106014
0.086435
0.12746
0.10999
loadFactor 0.5 iteration: 
0.154941
0.165549
0.16189
0.139244
0.188715
0.162068
loadFactor 0.6 iteration: 
0.218669
0.219092
0.214135
0.186135
0.257566
0.219119
loadFactor 0.7 iteration: 
0.3809
0.375411
0.277873
0.326749
0.309472
0.334081
loadFactor 0.8 iteration: 
0.684489
0.648308
0.684199
0.617739
0.726145
0.672176
loadFactor 0.9 iteration: 
2.75767
2.90717
2.55935
2.62845
2.6115
2.69283
